[[5.04771, 0.73385, 4.0, 0.04291],
[5.04771, 0.86385, 4.0, 0.0325],
[5.0477, 0.99385, 4.0, 0.0325],
[5.04768, 1.1655, 4.0, 0.04291],
[5.04764, 1.46714, 4.0, 0.07541],
[5.04764, 1.76879, 3.06599, 0.09838],
[5.04779, 2.07044, 1.8074, 0.1669],
[5.04759, 2.37208, 1.54676, 0.19501],
[5.04654, 2.67369, 1.54676, 0.195],
[5.048, 2.97538, 1.54676, 0.19505],
[5.05419, 3.27724, 1.54676, 0.19519],
[5.04364, 3.57852, 1.54676, 0.1949],
[4.98552, 3.87363, 1.54676, 0.19446],
[4.8649, 4.14942, 1.65535, 0.18184],
[4.69438, 4.39739, 1.78269, 0.16881],
[4.48547, 4.61442, 1.92828, 0.15622],
[4.24826, 4.80016, 2.01257, 0.1497],
[3.98909, 4.95398, 2.26106, 0.13329],
[3.71557, 5.08064, 2.28604, 0.13185],
[3.43091, 5.17995, 2.28604, 0.13188],
[3.13775, 5.25043, 2.50134, 0.12054],
[2.83979, 5.29626, 2.55148, 0.11815],
[2.53912, 5.31811, 3.08881, 0.0976],
[2.23757, 5.32351, 4.0, 0.0754],
[1.9359, 5.32216, 4.0, 0.07542],
[1.63426, 5.32251, 4.0, 0.07541],
[1.33261, 5.3225, 4.0, 0.07541],
[1.03097, 5.32256, 4.0, 0.07541],
[0.72932, 5.3226, 4.0, 0.07541],
[0.42768, 5.32264, 4.0, 0.07541],
[0.12603, 5.32269, 2.0239, 0.14904],
[-0.17561, 5.32273, 2.0239, 0.14904],
[-0.47726, 5.32281, 2.0239, 0.14904],
[-0.77889, 5.32273, 2.0239, 0.14904],
[-1.08056, 5.3232, 2.0239, 0.14905],
[-1.38219, 5.32298, 2.0239, 0.14903],
[-1.68109, 5.28451, 2.16983, 0.13889],
[-1.97516, 5.21785, 2.16983, 0.13897],
[-2.26013, 5.11908, 2.22849, 0.13534],
[-2.53731, 5.00074, 2.06611, 0.14587],
[-2.80596, 4.86369, 1.83606, 0.16426],
[-3.06218, 4.70472, 1.64965, 0.18278],
[-3.30423, 4.52489, 1.64965, 0.18279],
[-3.52922, 4.32431, 1.64965, 0.18271],
[-3.73187, 4.10136, 1.64965, 0.18264],
[-3.90585, 3.85545, 1.62457, 0.18542],
[-4.03986, 3.58571, 1.47392, 0.20435],
[-4.12004, 3.29551, 1.47392, 0.20427],
[-4.14456, 2.99514, 1.47392, 0.20447],
[-4.12695, 2.69427, 1.47392, 0.20448],
[-4.07133, 2.39843, 1.47392, 0.20423],
[-3.95881, 2.11935, 1.47392, 0.20416],
[-3.78331, 1.87516, 1.48043, 0.20312],
[-3.5551, 1.67906, 1.57705, 0.19079],
[-3.29078, 1.53457, 1.88085, 0.16016],
[-3.00787, 1.43038, 2.14934, 0.14027],
[-2.71491, 1.35869, 2.38628, 0.12639],
[-2.41656, 1.31408, 3.10924, 0.09702],
[-2.1169, 1.28316, 3.10924, 0.09689],
[-1.81563, 1.26841, 2.99451, 0.10073],
[-1.51433, 1.25385, 1.74821, 0.17255],
[-1.21305, 1.23904, 1.74821, 0.17255],
[-0.91147, 1.23638, 1.64936, 0.18285],
[-0.60983, 1.23656, 1.62923, 0.18515],
[-0.30819, 1.23659, 1.62923, 0.18514],
[-0.00733, 1.21911, 1.62923, 0.18497],
[0.28602, 1.15085, 1.62923, 0.18487],
[0.56385, 1.03514, 1.62923, 0.18473],
[0.81476, 0.86852, 1.3, 0.23168],
[1.02828, 0.65618, 1.3, 0.23164],
[1.20036, 0.40921, 1.3, 0.23155],
[1.32955, 0.13721, 1.3, 0.23163],
[1.41574, -0.1515, 1.3, 0.23177],
[1.45062, -0.45052, 1.3, 0.23157],
[1.39273, -0.74639, 1.58504, 0.1902],
[1.29085, -1.02997, 1.58504, 0.19011],
[1.1438, -1.29269, 1.58504, 0.18994],
[0.95184, -1.52439, 1.58504, 0.18983],
[0.71866, -1.71451, 1.58504, 0.18982],
[0.45228, -1.85501, 1.58504, 0.19],
[0.16266, -1.93761, 1.83764, 0.16389],
[-0.13633, -1.97472, 2.03062, 0.14837],
[-0.43811, -1.97381, 4.0, 0.07545],
[-0.73972, -1.97627, 4.0, 0.0754],
[-1.04137, -1.97798, 4.0, 0.07541],
[-1.343, -1.97985, 4.0, 0.07541],
[-1.64464, -1.98169, 4.0, 0.07541],
[-1.94628, -1.98353, 2.73333, 0.11036],
[-2.24792, -1.98537, 1.52024, 0.19842],
[-2.54956, -1.98723, 1.52024, 0.19842],
[-2.8512, -1.989, 1.52024, 0.19842],
[-3.15283, -1.9913, 1.52024, 0.19841],
[-3.45456, -1.99026, 1.52024, 0.19848],
[-3.75524, -2.01024, 1.52024, 0.19822],
[-4.04331, -2.09682, 1.52502, 0.19725],
[-4.30501, -2.24528, 1.55644, 0.19331],
[-4.53014, -2.44547, 1.55644, 0.19356],
[-4.71525, -2.68324, 1.55644, 0.19361],
[-4.86132, -2.94669, 1.55644, 0.19354],
[-4.96792, -3.2282, 1.55644, 0.1934],
[-5.03374, -3.52219, 1.53363, 0.19644],
[-5.03535, -3.82217, 1.53331, 0.19565],
[-4.9798, -4.11863, 1.53331, 0.19671],
[-4.88554, -4.40482, 1.53331, 0.19651],
[-4.7471, -4.67201, 1.53331, 0.19626],
[-4.55877, -4.90658, 1.53331, 0.19619],
[-4.32353, -5.09403, 1.53331, 0.19617],
[-4.05276, -5.22523, 1.60492, 0.18747],
[-3.76102, -5.29938, 1.77274, 0.16981],
[-3.46068, -5.32439, 2.52189, 0.11951],
[-3.15906, -5.32472, 4.0, 0.07541],
[-2.85731, -5.32038, 4.0, 0.07544],
[-2.55568, -5.32009, 4.0, 0.07541],
[-2.25405, -5.32005, 4.0, 0.07541],
[-1.9524, -5.31937, 4.0, 0.07541],
[-1.65075, -5.31873, 4.0, 0.07541],
[-1.34911, -5.31818, 4.0, 0.07541],
[-1.04746, -5.31762, 4.0, 0.07541],
[-0.74582, -5.31704, 4.0, 0.07541],
[-0.44418, -5.31646, 4.0, 0.07541],
[-0.14253, -5.31589, 4.0, 0.07541],
[0.15911, -5.31532, 4.0, 0.07541],
[0.46076, -5.31475, 4.0, 0.07541],
[0.7624, -5.31418, 4.0, 0.07541],
[1.06405, -5.31359, 4.0, 0.07541],
[1.36569, -5.313, 4.0, 0.07541],
[1.66734, -5.31252, 2.52904, 0.11927],
[1.96898, -5.31201, 1.89169, 0.15946],
[2.27061, -5.31079, 1.78696, 0.16879],
[2.57226, -5.31029, 1.78696, 0.16881],
[2.87404, -5.31415, 1.78696, 0.1689],
[3.17557, -5.30998, 1.78696, 0.16876],
[3.4755, -5.28131, 1.77153, 0.17008],
[3.76792, -5.20946, 1.77153, 0.16997],
[4.04494, -5.09099, 1.77153, 0.17007],
[4.2989, -4.92916, 1.77153, 0.16999],
[4.52523, -4.73053, 1.77153, 0.16998],
[4.71659, -4.4978, 1.77153, 0.17008],
[4.86678, -4.23676, 1.77624, 0.16955],
[4.97428, -3.95552, 1.77624, 0.16951],
[5.0341, -3.66025, 1.90801, 0.15789],
[5.05119, -3.35926, 2.96042, 0.10184],
[5.05035, -3.05759, 4.0, 0.07542],
[5.04727, -2.75587, 4.0, 0.07543],
[5.04757, -2.45423, 4.0, 0.07541],
[5.04803, -2.1526, 4.0, 0.07541],
[5.04794, -1.85095, 4.0, 0.07541],
[5.04785, -1.54931, 4.0, 0.07541],
[5.04785, -1.24766, 4.0, 0.07541],
[5.04784, -0.94602, 4.0, 0.07541],
[5.04781, -0.64437, 4.0, 0.07541],
[5.04779, -0.34273, 4.0, 0.07541],
[5.04777, -0.04108, 4.0, 0.07541],
[5.04775, 0.26056, 4.0, 0.07541],
[5.04772, 0.56221, 4.0, 0.07541]]